10,451.29999458
20,123.047291475
30,53.4760695136
40,78.3744447076
50,49.8501757784
60,36.5433104073
70,87.4491689703
80,88.6447354619
90,62.5495419036
100,71.1061369593
110,1.90916868002
120,1.77148821312
130,1.80763385524
140,1.18364908007
150,1.751828656
160,1.70012441137
170,1.07012189028
180,1.07187533922
190,1.10831760404
200,1.02947745208
210,1.02109997979
220,0.928630318678
230,0.816081471226
240,0.777212299843
250,0.795971393316
260,0.785976482217
270,0.683254225579
280,0.668653799071
290,0.666508909045
300,0.66375983831
310,0.641519580515
320,0.621442704261
330,0.61617808706
340,0.613480352153
350,0.634593696463
360,0.628855791649
370,0.617519631374
380,0.606854346966
390,0.634684489263
400,0.643849887092
410,0.660739281765
420,0.661765676482
430,0.693077714383
440,0.667699201087
450,0.64219511911
460,0.636824994286
470,0.599207989773
480,0.600320464316
490,0.596889086228
500,0.590991903089
510,0.563151752464
520,0.583298431719
530,0.520282169548
540,0.518466897556
550,0.519777888134
560,0.532129380479
570,0.50770177583
580,0.506643525197
590,0.505793813178
600,0.503346306028
610,0.498850669973
620,0.521741786988
630,0.522462232109
640,0.522400282336
650,0.521473694549
660,0.519405408446
670,0.516854766769
680,0.513890446745
690,0.510899371524
700,0.505597729405
710,0.480654730696
720,0.477506114887
730,0.475547703916
740,0.472891782013
750,0.474965317987
760,0.474153768938
770,0.472887712584
780,0.472067310409
790,0.473135057899
800,0.45441569707
810,0.452801623131
820,0.451494180401
830,0.449208667818
840,0.447878462251
850,0.448832645812
860,0.446576408091
870,0.444191370182
880,0.441978817068
890,0.441929841409
900,0.439817470768
910,0.438149979387
920,0.437021818127
930,0.433627292785
940,0.432041480171
950,0.441037025956
960,0.440797824516
970,0.441657455235
980,0.440981647119
990,0.442538876539
1000,0.442799175005
1010,0.440344085324
1020,0.439330447194
1030,0.436370619346
1040,0.435667778158
1050,0.435650268813
1060,0.435330401371
1070,0.432665244023
1080,0.42957966502
1090,0.428498277527
1100,0.426168438684
1110,0.423440140926
1120,0.421518313152
1130,0.419030575131
1140,0.417779303998
1150,0.428263578438
1160,0.426801791334
1170,0.42635932822
1180,0.42568712885
1190,0.425711350476
1200,0.422047230141
1210,0.418722670056
1220,0.417917234937
1230,0.418142605529
1240,0.416837672712
1250,0.417764436704
1260,0.417045911524
1270,0.416210386106
1280,0.41573114069
