10,263.013374195
20,115.417990958
30,93.6014411421
40,87.1193659648
50,81.2593373463
60,72.0710133084
70,78.6994031648
80,75.2945782481
90,71.7192730874
100,67.5599446652
110,3.09461904755
120,2.58270113987
130,2.24881489773
140,1.91499954639
150,1.80540634792
160,1.60843480399
170,1.52474586988
180,1.41699828003
190,1.36455592444
200,1.29374657864
210,1.17508571004
220,1.12517840681
230,1.08080627216
240,1.00817565927
250,0.958260424968
260,0.896745455058
270,0.881115653185
280,0.786464059879
290,0.802783794417
300,0.727058657629
310,0.75805019655
320,0.729125142356
330,0.718717286296
340,0.701272837733
350,0.686760659427
360,0.653785500988
370,0.637491124581
380,0.609514483261
390,0.600865081806
400,0.595342669301
410,0.586643184018
420,0.57419280458
430,0.572523160099
440,0.558197236282
450,0.54762596715
460,0.549626400853
470,0.539397783549
480,0.538583090326
490,0.529932623874
500,0.522460147069
510,0.518998402979
520,0.517017051464
530,0.504555711385
540,0.503676238496
550,0.503780591198
560,0.500337660905
570,0.496791285497
580,0.493890121014
590,0.4906967845
600,0.488271220257
610,0.484173646057
620,0.490589315485
630,0.482729866231
640,0.482252405031
650,0.479368775945
660,0.475885100868
670,0.472644098022
680,0.471178043533
690,0.469990567874
700,0.467473826443
710,0.46333867811
720,0.461233228381
730,0.457556316641
740,0.455945821322
750,0.460880884855
760,0.459199204258
770,0.456000242611
780,0.454576303852
790,0.453968660699
800,0.449857793602
810,0.448554630459
820,0.446281469142
830,0.444654522795
840,0.443921868074
850,0.442652448872
860,0.441494184926
870,0.440314359134
880,0.438960722666
890,0.438039295973
900,0.435421004811
910,0.433639141556
920,0.431864985431
930,0.430502894049
940,0.429620553305
950,0.432392114189
960,0.431895139796
970,0.436560430558
980,0.430273050404
990,0.429357878706
1000,0.428558993792
1010,0.43258060828
1020,0.43119094277
1030,0.425348754344
1040,0.424856587574
1050,0.425334325767
1060,0.424241797651
1070,0.423666534878
1080,0.423333676841
1090,0.422900666676
1100,0.421457410921
1110,0.420535273764
1120,0.42001285139
1130,0.418685942905
1140,0.41823183443
1150,0.423591472813
1160,0.42301168797
1170,0.422258008788
1180,0.41960090872
1190,0.41891392392
1200,0.418091969621
1210,0.417199781231
1220,0.416335557543
1230,0.415459815529
1240,0.414445909016
1250,0.414603298263
1260,0.414136783972
1270,0.412776936413
1280,0.412373445222
