10,6.32800869706
20,4.79534586972
30,4.18160210045
40,4.10143047858
50,3.68745556703
60,3.72834581727
70,3.61129933334
80,3.54924911897
90,3.51080162128
100,3.38586925083
110,1.92262418109
120,1.72697684398
130,1.65594528156
140,1.66393273755
150,1.65740332454
160,1.63615316658
170,1.61620066023
180,1.61031023007
190,1.64828756011
200,1.71947843907
210,1.64259546311
220,1.60197026365
230,1.60576384809
240,1.55652000419
250,1.61334600412
260,1.60156247242
270,1.63030079593
280,1.59341123769
290,1.60754498153
300,1.53246288682
310,1.5140816494
320,1.51733200795
330,1.56168220853
340,1.59171311916
350,1.55188849022
360,1.53084862233
370,1.57588647015
380,1.56906691125
390,1.58399565827
400,1.59906553623
410,1.5837512556
420,1.57118515776
430,1.55011215058
440,1.58206239247
450,1.6027234888
460,1.56653052919
470,1.54756153719
480,1.50438854498
490,1.50848398066
500,1.48986104358
510,1.47534468107
