10,6.05937030995
20,4.68688730237
30,4.07561586932
40,3.80631895063
50,3.57591337947
60,3.46876389218
70,3.37143399363
80,3.32303555219
90,3.25775229621
100,3.27064448338
110,1.91288780837
120,1.86259093218
130,1.83683902076
140,1.81478826078
150,1.79283877687
160,1.77285592036
170,1.76776361678
180,1.75054945626
190,1.75747635769
200,1.73769471284
210,1.71693349832
220,1.72030384785
230,1.70610612253
240,1.68010418193
250,1.67902935118
260,1.66787099627
270,1.67280387485
280,1.66574806823
290,1.65446883055
300,1.63659366027
310,1.61339402406
320,1.60673916225
330,1.60167919088
340,1.60368061063
350,1.58733598465
360,1.58627554854
370,1.58300231588
380,1.58097619051
390,1.58734208535
400,1.58313312309
410,1.55693761075
420,1.55579827313
430,1.5477485121
440,1.54876271598
450,1.53047660279
460,1.51581921641
470,1.52105994697
480,1.51193735538
490,1.50427466502
500,1.49876396911
510,1.49305183159
