10,6.07422759498
20,4.62274702934
30,4.3240252627
40,4.0918356963
50,3.66658367471
60,3.55064505132
70,3.38057806857
80,3.35997502589
90,3.40060862401
100,3.31170797045
110,1.92962898343
120,1.828615853
130,1.7875853482
140,1.79060395527
150,1.75891322147
160,1.76116691285
170,1.74325121191
180,1.71939803328
190,1.74521653448
200,1.75581857633
210,1.72341104294
220,1.70653131324
230,1.68492837312
240,1.64283719602
250,1.65542965013
260,1.65161443867
270,1.66376797402
280,1.66822301258
290,1.64930797885
300,1.61248689552
310,1.5930568985
320,1.59542631306
330,1.62406683096
340,1.62498300512
350,1.59199589601
360,1.59066522181
370,1.59090507966
380,1.59987942899
390,1.59736399299
400,1.58805445259
410,1.58336886555
420,1.57935065365
430,1.55686077091
440,1.56867461912
450,1.56204212278
460,1.53787773641
470,1.51594785788
480,1.50924183721
490,1.49625598444
500,1.48132963393
510,1.47987170456
