10,5.65528041703
20,5.49167192721
30,5.18801400595
40,4.81686149398
50,4.66483729396
60,4.528044001
70,4.41285396329
80,4.30769218028
90,4.29082654383
100,4.27505590052
110,4.70642454272
120,4.67876518608
130,4.66404801046
140,4.53525826027
150,4.49704840909
160,4.46490368383
170,4.46638589254
180,4.39276795998
190,4.28802246826
200,4.282720991
210,4.34359670395
220,4.32880153832
230,4.2733596721
240,4.26622781632
250,4.25923351368
260,4.2003686165
270,4.20272152656
280,4.16980058477
290,4.189425545
300,4.13981156326
310,4.13625204135
320,4.16633374092
330,4.15391358201
340,4.09823549713
350,4.10835111816
360,4.11315873364
370,4.05846823897
380,4.06204072107
390,4.08732205221
400,4.04145119296
410,4.03912135716
420,4.01514028139
430,4.02388594362
440,4.04363691615
450,3.93672618132
460,3.97177483826
470,4.0028920322
480,3.97950081991
490,3.97275535812
500,3.94847128339
510,3.94411729087
520,3.93949191851
530,3.92834307093
540,3.9167543549
550,3.7327018787
560,3.72558971004
570,3.71906613958
580,3.69157537293
590,3.67307245884
600,3.66909741409
610,3.66996632964
620,3.66844892463
630,3.6613592044
640,3.63068909072
650,3.65366876545
660,3.65464773302
670,3.63968690737
680,3.62861037667
690,3.63831294841
700,3.6242823746
710,3.61909931926
720,3.6102705975
730,3.5948793551
740,3.59277352242
750,3.50200085971
760,3.4989239878
770,3.49303740418
780,3.47587316099
790,3.46080926169
800,3.45323337831
810,3.45480290324
820,3.44921416492
830,3.44224665715
840,3.44215148753
850,3.44036523419
860,3.43438437876
870,3.43227764331
880,3.4397885433
890,3.44538134195
900,3.42204440633
910,3.41869534275
920,3.41827018488
930,3.41039180387
940,3.405825468
950,3.37740989366
960,3.36646149615
970,3.35853183175
980,3.35210709338
990,3.35603875121
1000,3.35955193207
1010,3.36178348488
1020,3.36706002735
1030,3.35981141502
1040,3.35414107324
1050,3.35112583477
1060,3.35269553779
1070,3.34619622312
1080,3.33730397337
1090,3.32812672379
1100,3.3315874224
1110,3.32315091288
1120,3.33180643087
1130,3.32526040003
1140,3.3295791135
1150,3.31161947191
1160,3.30623211129
1170,3.30119527797
1180,3.29099237702
1190,3.29520502773
1200,3.29288461853
1210,3.2946541237
1220,3.29606401726
1230,3.28997150673
1240,3.26886555497
1250,3.27540011433
1260,3.28443244215
1270,3.27904287932
1280,3.27914093755
1290,3.27047317723
1300,3.26600957663
1310,3.26517022155
1320,3.2705416668
1330,3.27140292785
1340,3.26740251536
1350,3.25269558005
1360,3.24879520056
1370,3.25212552799
1380,3.25700682837
1390,3.26198363596
1400,3.25495426224
1410,3.25374262292
1420,3.25597334187
1430,3.25204205023
1440,3.24405806054
1450,3.23994201381
1460,3.2365254215
1470,3.23648249649
1480,3.23115716658
1490,3.22579445677
1500,3.22547915729
1510,3.21464953408
1520,3.22471473787
1530,3.21762125305
1540,3.21716792009
1550,3.21294630937
1560,3.21651808729
1570,3.21154862408
1580,3.20744794382
1590,3.20741586563
1600,3.20601318749
1610,3.19879662343
1620,3.20244628988
1630,3.19457112171
1640,3.19887976826
1650,3.20338420558
1660,3.18824969506
1670,3.18276855977
1680,3.17485067977
1690,3.17682383959
1700,3.17963044771
1710,3.17751306289
1720,3.16988461644
1730,3.16527014765
1740,3.17062736441
1750,3.17462956961
1760,3.17306562577
1770,3.17626549618
1780,3.17603916264
1790,3.17108142498
1800,3.16745706042
1810,3.16650744479
1820,3.15527099008
1830,3.15642640176
1840,3.15290795364
1850,3.15467222218
1860,3.1529022354
1870,3.15693130199
1880,3.15924896706
1890,3.15152329739
1900,3.14833709218
1910,3.15212888664
1920,3.14258267297
1930,3.14643363696
1940,3.14056972384
1950,3.14788940929
1960,3.14864089723
1970,3.14742549621
1980,3.15186051272
1990,3.14916783406
2000,3.14893169282
2010,3.1444692022
2020,3.14561309977
2030,3.14599035912
2040,3.14161048308
2050,3.14418024617
2060,3.14600885275
2070,3.14427156908
2080,3.13844238094
2090,3.14398585507
2100,3.13625823123
2110,3.13335015759
2120,3.13620279668
2130,3.1321029033
2140,3.12991489791
2150,3.13988106803
2160,3.14040048835
2170,3.14032461106
2180,3.13850037785
2190,3.13989967556
2200,3.14151984772
2210,3.13975810021
2220,3.13604105827
2230,3.13440823144
2240,3.12914307137
2250,3.13208210165
2260,3.13012311462
2270,3.12975587566
