10,5.52838647378
20,5.50035976564
30,5.10934908182
40,4.85800496086
50,4.68269686608
60,4.53773339853
70,4.46602496871
80,4.39066756345
90,4.3438319508
100,4.29574810219
110,4.73876230515
120,4.67508616948
130,4.64706172638
140,4.56095987921
150,4.51235258112
160,4.49548099667
170,4.46079128852
180,4.40847815885
190,4.3558658479
200,4.32326864057
210,4.32040291786
220,4.30765984201
230,4.27971569611
240,4.26841303108
250,4.26280897441
260,4.22222334799
270,4.20631951332
280,4.19185255921
290,4.1981804187
300,4.14504170098
310,4.16145337174
320,4.1739155362
330,4.16362001301
340,4.12615256921
350,4.12576180018
360,4.11396682533
370,4.09609165682
380,4.10913247096
390,4.09137606711
400,4.06184493558
410,4.05033332401
420,4.02431617401
430,4.02198860793
440,4.01779498242
450,3.9557225476
460,3.96134282191
470,3.97044251008
480,3.95399943454
490,3.94913343134
500,3.93624252652
510,3.93925205366
520,3.92395718375
530,3.90876361889
540,3.91472600326
550,3.73890866611
560,3.71613834304
570,3.70868161848
580,3.69767633593
590,3.68819374197
600,3.68692390318
610,3.6897258316
620,3.67914125065
630,3.67062124637
640,3.66195977169
650,3.65970620459
660,3.65096728593
670,3.64171356724
680,3.63330146887
690,3.63296669392
700,3.6217533875
710,3.62106919588
720,3.61315097797
730,3.60415596396
740,3.60180273477
750,3.51398331157
760,3.50401159037
770,3.49901401441
780,3.49291744168
790,3.48602959083
800,3.47818067853
810,3.47457442202
820,3.47570294866
830,3.47389107242
840,3.46555697844
850,3.46022720909
860,3.45652552578
870,3.4513807884
880,3.45734179039
890,3.4533302062
900,3.44054530423
910,3.43440938706
920,3.43090591025
930,3.42857544107
940,3.4222536273
950,3.39304625774
960,3.38818606377
970,3.38329710215
980,3.37856958065
990,3.37574976665
1000,3.38430017019
1010,3.38077218156
1020,3.38029599299
1030,3.37260007175
1040,3.37151001157
1050,3.3688060152
1060,3.35893811714
1070,3.3579094418
1080,3.35281576833
1090,3.34627678665
1100,3.34836306054
1110,3.34245555358
1120,3.34623298536
1130,3.33844861811
1140,3.33819722825
1150,3.31892287362
1160,3.31530032215
1170,3.30767236489
1180,3.30785061403
1190,3.3088172555
1200,3.30255236056
1210,3.30069784384
1220,3.30155685574
1230,3.29891713863
1240,3.29199625563
1250,3.29345970807
1260,3.29527302137
1270,3.28962240858
1280,3.28817777344
1290,3.28271251046
1300,3.27573499242
1310,3.27213223408
1320,3.27289750707
1330,3.27482402165
1340,3.27146549162
1350,3.25791572216
1360,3.25300364568
1370,3.24983567068
1380,3.25028577314
1390,3.25006105691
1400,3.24937920779
1410,3.24848807823
1420,3.24876037131
1430,3.24632725188
1440,3.24357985725
1450,3.2399445484
1460,3.23549155592
1470,3.23666331723
1480,3.23286448988
1490,3.22791040487
1500,3.23091125936
1510,3.22842988384
1520,3.2333007609
1530,3.2282972745
1540,3.22496810065
1550,3.22153483088
1560,3.22240209458
1570,3.2180156456
1580,3.21513840522
1590,3.21422219805
1600,3.21468429734
1610,3.2090938491
1620,3.20839683949
1630,3.20753577645
1640,3.20842717178
1650,3.2069615987
1660,3.20027469745
1670,3.19458879527
1680,3.19009084191
1690,3.19091023774
1700,3.19234153723
1710,3.19053796355
1720,3.18739482121
1730,3.18503918013
1740,3.18676796735
1750,3.19100887238
1760,3.18620335322
1770,3.1861918679
1780,3.18569877211
1790,3.1849395338
1800,3.18183625798
1810,3.17745502895
1820,3.17380299681
1830,3.1729037274
1840,3.17088412254
1850,3.17131025513
1860,3.16886606685
1870,3.16741973574
1880,3.16796522886
1890,3.16579466764
1900,3.16514408077
1910,3.1634516983
1920,3.15672823216
1930,3.15786207428
1940,3.15660949245
1950,3.16053719047
1960,3.15957426456
1970,3.16152072815
1980,3.16008014984
1990,3.15666433464
2000,3.15546109988
2010,3.15368881684
2020,3.15508166428
2030,3.15696935451
2040,3.15465836358
2050,3.15590295765
2060,3.15500597131
2070,3.15086399833
2080,3.14940302678
2090,3.14949396408
2100,3.14866220535
2110,3.14679562975
2120,3.14498683959
2130,3.14371119038
2140,3.14194428869
2150,3.15306929587
2160,3.15027033701
2170,3.14670541854
2180,3.14678876326
2190,3.14824144077
2200,3.14719986018
2210,3.14698634909
2220,3.14356312031
2230,3.1415010597
2240,3.14075169592
2250,3.14054869738
2260,3.14042101236
2270,3.13736524986
