10,12.5855225449
20,9.03729498482
30,8.07861686916
40,7.48029115308
50,7.01448316949
60,6.76155881186
70,6.62943037199
80,6.68462015539
90,6.75460311783
100,6.67909318235
110,1.68167378289
120,1.57611419674
130,1.33042265269
140,1.25135696669
150,1.12567909274
160,0.942019075275
170,0.864850516847
180,0.805498377812
190,0.736894220962
200,0.638588970803
210,0.586372757857
220,0.531901730942
230,0.486563011343
240,0.461235658784
250,0.449269983756
260,0.434387458746
270,0.39758332461
280,0.382094392343
290,0.368579623865
300,0.350348626291
310,0.324954262423
320,0.310689453302
330,0.269551283081
340,0.247618253359
350,0.240553947424
360,0.238341022731
370,0.226703773798
380,0.213707081003
390,0.20859332441
400,0.209171472638
410,0.204039816091
420,0.198484941161
430,0.19505398501
440,0.189001002081
450,0.183605837134
460,0.173215838567
470,0.163819450955
480,0.160677679472
490,0.155714342765
500,0.154370935096
510,0.151415039944
520,0.147485537201
530,0.144217876304
540,0.13749835274
550,0.205842451996
560,0.198584571373
570,0.190833344335
