10,12.9539344845
20,9.23675244194
30,8.12037902187
40,7.53246799172
50,7.23094536377
60,6.66851549862
70,6.71094516672
80,6.6049248702
90,6.69912397784
100,6.6272127515
110,1.69993668973
120,1.53051317888
130,1.34871519972
140,1.21140597354
150,1.09675188029
160,0.982621432156
170,0.856143401104
180,0.792704362127
190,0.730247131353
200,0.662563343701
210,0.584543743021
220,0.542388405612
230,0.504633582479
240,0.465463263057
250,0.453091117312
260,0.429065423098
270,0.393604906762
280,0.369483129906
290,0.345935498241
300,0.333801401934
310,0.313303636522
320,0.292462363548
330,0.272713259817
340,0.256587146554
350,0.251047447504
360,0.246436921456
370,0.235306617246
380,0.226866904679
390,0.21786536722
400,0.212075796237
410,0.206461468223
420,0.201019580338
430,0.192266053246
440,0.187277897864
450,0.182382565194
460,0.175846953753
470,0.169007335703
480,0.164390780319
490,0.159455770969
500,0.156397579762
510,0.153561410543
520,0.149701781688
530,0.146975059289
540,0.141206477239
550,0.193855555568
560,0.189608845978
570,0.182450939172
