10,16.0717844671
20,9.30890402648
30,8.08038430916
40,7.56867820508
50,7.22061081357
60,6.94241253386
70,6.82517262128
80,6.70818848872
90,6.69498689844
100,6.64014613943
110,1.78792444336
120,1.53527557423
130,1.32817066394
140,1.1895800181
150,1.1007584547
160,0.982831225376
170,0.876406558554
180,0.804635222876
190,0.72564984329
200,0.65819468642
210,0.604936820453
220,0.561442469765
230,0.518665463121
240,0.476119855951
250,0.436264985616
260,0.412015737576
270,0.390775084863
280,0.370352242274
290,0.348752393699
300,0.332087060256
310,0.310962230113
320,0.29122488745
330,0.277226093088
340,0.265672878521
350,0.252297635612
360,0.245060295231
370,0.237121657383
380,0.22856997782
390,0.218275126007
400,0.210542594356
410,0.203582793973
420,0.198920951614
430,0.193377664224
440,0.18701077726
450,0.183762823686
460,0.177730676308
470,0.171412122953
480,0.167740577157
490,0.163104403465
500,0.157325800264
510,0.153958313114
520,0.151402884607
530,0.145244387558
540,0.142282349192
550,0.192145712877
560,0.187096403773
570,0.180565098166
