10,315.780636976
20,139.338983525
30,128.313660489
40,84.6904496157
50,63.7478755785
60,62.9262342258
70,66.9313313599
80,55.864602919
90,56.0761198404
100,51.932263108
110,2.86090638419
120,2.557433031
130,2.37017543238
140,1.91279631803
150,1.6912494243
160,1.43775549362
170,1.42095925049
180,1.41648120664
190,1.52396033931
200,1.41118046426
210,1.37143774713
220,1.25342794556
230,1.19320157902
240,1.02232786525
250,0.913768308077
260,0.882529738973
270,0.796746483173
280,0.797575151123
290,0.86324727683
300,0.833404521206
310,0.784468120469
320,0.767414789236
330,0.676783556551
340,0.658202511557
350,0.672260024681
360,0.698718955499
370,0.592009983249
380,0.58943787836
390,0.617358991285
400,0.60160533887
410,0.634640542217
420,0.575371023327
430,0.532301816737
440,0.561285793923
450,0.575685817859
460,0.525380343177
470,0.55537446796
480,0.575602803497
490,0.569636727656
500,0.563422999585
510,0.563300761576
520,0.562241937704
530,0.510605984336
540,0.504827224831
550,0.506715228458
560,0.497739220996
570,0.505529960881
580,0.501357363786
590,0.495629235514
600,0.492814779874
610,0.492445302321
620,0.488201445951
630,0.489072759139
640,0.483685669714
650,0.478577688107
660,0.480963291966
670,0.467671718829
680,0.471095066835
690,0.463802829803
700,0.466800721049
710,0.45980563638
720,0.470407874687
730,0.465387160548
740,0.460203542158
750,0.462163703757
760,0.457712386047
770,0.465011031612
780,0.457187347252
790,0.459608089012
800,0.4636767939
810,0.461456771751
820,0.452153048789
830,0.451960691612
840,0.447267493142
850,0.443899312291
860,0.439992337888
870,0.433611572591
880,0.432926114872
890,0.431504929243
900,0.426442625829
910,0.420390549045
920,0.424723161629
930,0.42027548129
940,0.424502655918
950,0.433707222307
960,0.430544670298
970,0.426968902751
980,0.424562420913
990,0.424913311235
1000,0.424077396264
1010,0.428027144586
1020,0.425080166724
1030,0.427507915044
1040,0.425006270192
1050,0.423233322013
1060,0.422217318821
1070,0.420010596514
1080,0.418847080257
1090,0.419838134745
1100,0.414915735374
1110,0.41510283953
1120,0.415401579627
1130,0.412788631482
1140,0.41357512247
1150,0.420088611865
1160,0.417589437503
1170,0.417650197021
1180,0.4161634741
1190,0.414095687536
1200,0.412874511119
1210,0.411330690114
1220,0.411154742821
1230,0.409569140812
1240,0.410582441653
1250,0.410603234256
1260,0.410016356659
1270,0.408396124848
1280,0.40767235015
