10,6.09573847944
20,5.45959883912
30,5.25187250863
40,4.80319063454
50,4.21235034971
60,4.27479907468
70,4.26668426849
80,4.26658091137
90,4.20397557784
100,4.13122189974
110,4.53197650748
120,4.47545770048
130,4.53256280204
140,4.50575227609
150,4.58350573935
160,4.55200782504
170,4.52686059654
180,4.5674047226
190,4.57038675376
200,4.55910714404
210,4.55645191804
220,4.58582551355
230,4.65516287629
240,4.59679659301
250,4.57855646912
260,4.58456380238
270,4.57187212288
280,4.60392980003
290,4.65444037813
300,4.62860704211
310,4.62314799598
320,4.66148626806
330,4.71892804552
340,4.72100215239
350,4.72721622663
360,4.69214434705
370,4.75990026708
380,4.76561126789
390,4.79301095003
400,4.80115845723
410,4.76999576247
420,4.82086254784
430,4.84477984943
440,4.85359637917
450,4.76625898538
460,4.78419464077
470,4.80003976361
480,4.77658543643
490,4.80507170791
500,4.80832663225
510,4.85477705199
