10,6.02132223642
20,5.65038325276
30,5.29129711606
40,5.10648844973
50,4.74716149436
60,4.66548402494
70,4.46498769867
80,4.39859964886
90,4.43854927186
100,4.31820113334
110,4.6065644851
120,4.62740931185
130,4.58096221289
140,4.65172711801
150,4.59130983665
160,4.61911489612
170,4.43453859442
180,4.42052341373
190,4.35141755716
200,4.32216060135
210,4.43359742703
220,4.30012897407
230,4.23861913142
240,4.28129569922
250,4.29551798054
260,4.26183604305
270,4.17868073802
280,4.27377307065
290,4.18882887378
300,4.15629589533
310,4.13599268055
320,4.13521931696
330,4.10832226104
340,4.13562201316
350,4.08980922443
360,4.13497739309
370,4.0752401123
380,4.10450736324
390,4.02256860868
400,4.03883107633
410,3.99771646653
420,3.97724135696
430,4.05621896075
440,4.05998675516
450,4.03951624909
460,3.91092487565
470,3.91147741584
480,3.92933166866
490,3.90361194325
500,3.93390890926
510,3.96671156343
520,3.95017940821
530,3.87283147399
540,3.84655787377
550,3.69263652556
560,3.69851766874
570,3.71189287418
580,3.68542842336
590,3.71602271923
600,3.702502041
610,3.7097944484
620,3.65495474547
630,3.69826968052
640,3.66778272079
650,3.65831894402
660,3.64754756424
670,3.64872189814
680,3.62295704954
690,3.61685860772
700,3.61934045393
710,3.58731774988
720,3.61581000738
730,3.63775314616
740,3.60254027212
750,3.49775068334
760,3.52968041464
770,3.53103886853
780,3.5026694781
790,3.48534808559
800,3.52834201501
810,3.52727492624
820,3.52382710911
830,3.49851421012
840,3.50838481262
850,3.47631228759
860,3.47133790199
870,3.47265636973
880,3.49087458932
890,3.46205486403
900,3.48137399322
910,3.48866823022
920,3.4815500717
930,3.45242262248
940,3.43823911048
950,3.42849630931
960,3.41723132203
970,3.43149161881
980,3.4314730684
990,3.41194814727
1000,3.40837597575
1010,3.41041523913
1020,3.40400009901
1030,3.39024810998
1040,3.37865591569
1050,3.35530183575
1060,3.37127915042
1070,3.38446917768
1080,3.36867163977
1090,3.3659857475
1100,3.36193821087
1110,3.3803985595
1120,3.36365091223
1130,3.36211307309
1140,3.35634546299
1150,3.33406457194
1160,3.34110348541
1170,3.32884313764
1180,3.33667908147
1190,3.3305589737
1200,3.31623376797
1210,3.3320828167
1220,3.30348859298
1230,3.33037122453
1240,3.31268045592
1250,3.31012508959
1260,3.29751243291
1270,3.2982707116
1280,3.31442095226
1290,3.30537306008
1300,3.31544423836
1310,3.2790882374
1320,3.29289374027
1330,3.30510834001
1340,3.29806513652
1350,3.28854788348
1360,3.27237204453
1370,3.28232625108
1380,3.27926591471
1390,3.28381943644
1400,3.27582922355
1410,3.27973700229
1420,3.25568940982
1430,3.25761189718
1440,3.24691301427
1450,3.26104168363
1460,3.25860313927
1470,3.24861024326
1480,3.24658929268
1490,3.24822541449
1500,3.24513702737
1510,3.23719731681
1520,3.21332686503
1530,3.21534659558
1540,3.23845132254
1550,3.23774530921
1560,3.2389982396
1570,3.22322468767
1580,3.21389965671
1590,3.21450536188
1600,3.21731702354
1610,3.21191578279
1620,3.19670602954
1630,3.20668571824
1640,3.19096728003
1650,3.18276742428
1660,3.18898060898
1670,3.21327623344
1680,3.1876455091
1690,3.20592772066
1700,3.20179839645
1710,3.19571154023
1720,3.1910462224
1730,3.18969044294
1740,3.19707786613
1750,3.19105464438
1760,3.20108056133
1770,3.18337573964
1780,3.18230210201
1790,3.18898163213
1800,3.19605674439
1810,3.18252045024
1820,3.18658097111
1830,3.1716370412
1840,3.16291401993
1850,3.17127925494
1860,3.15809279717
1870,3.15899816924
1880,3.16149017256
1890,3.16109370962
1900,3.1693711065
1910,3.16678163626
1920,3.16989658137
1930,3.15330797409
1940,3.16144613456
1950,3.17647143242
1960,3.16756308802
1970,3.16695154238
1980,3.17154046235
1990,3.15227195487
2000,3.16921709393
2010,3.16488770205
2020,3.15897488637
2030,3.15524949044
2040,3.16095407796
2050,3.15442253866
2060,3.15701571103
2070,3.15141857184
2080,3.15225005764
2090,3.15597840235
2100,3.14895458478
2110,3.14703976027
2120,3.14529687483
2130,3.15535023129
2140,3.15446894274
2150,3.16149108521
2160,3.15954951554
2170,3.16020826561
2180,3.16137324556
2190,3.15074790856
2200,3.14750521729
2210,3.14974312209
2220,3.15220592745
2230,3.14599196373
2240,3.14981874748
2250,3.15356962069
2260,3.14870197859
2270,3.14917316425
