10,23.0012743197
20,9.14818190637
30,8.08243384008
40,7.15046399972
50,7.05378852252
60,6.77022105855
70,6.41528738507
80,6.35520417424
90,6.57050642438
100,6.42290519232
110,1.82134907609
120,1.68719737303
130,1.37148324176
140,1.18199923198
150,1.05791623488
160,0.960838613474
170,0.877307844053
180,0.806009700638
190,0.732392917641
200,0.650588199302
210,0.601788004998
220,0.531699668536
230,0.514552298134
240,0.489832386157
250,0.450297320136
260,0.430891077171
270,0.400430047644
280,0.369735676646
290,0.349909566878
300,0.338608359168
310,0.32348487167
320,0.299282763732
330,0.289816357621
340,0.279104731001
350,0.265521316938
360,0.251446770094
370,0.246020541313
380,0.237618375044
390,0.225616358926
400,0.217677089022
410,0.20855494525
420,0.199016860506
430,0.197927696669
440,0.189718870866
450,0.190127007642
460,0.180103983193
470,0.174069030202
480,0.167719311778
490,0.164223277932
500,0.161288487687
510,0.154377522807
520,0.149339883845
530,0.146801299876
540,0.143821999829
550,0.188485844849
560,0.18554233105
570,0.179497328903
